A=[6,2,7,9,1,5,3,8];
